0 2024 815 1095 1926 345 1048 857 1253
2024 0 1561 1681 1776 2087 746 1362 1546
815 1561 0 1961 2195 1507 1276 358 238
1095 1681 1961 0 431 898 1327 1985 2298
1926 1776 2195 431 0 1329 1361 2019 2424
345 2087 1507 898 1329 0 1141 1202 1637
1048 746 1276 1227 1361 1141 0 1199 1413
857 1362 358 1985 2019 1202 1199 0 496
1253 1546 238 2298 2424 1637 1413 496 0